2
70
0 "Tails of Iron"
1 "Thank Goodness You're Here!"
2 "Starship Troopers: Terran Command"
3 "Grand Theft Auto V Enhanced"
4 "Indiana Jones and the Great Circle"
5 "纸房子"
6 "Revenge on gold diggers "
7 "STAR WARS Jedi: Survivor™"
8 "Dying Light: The Beast"
9 "Halls of Torment"
10 "Norland"
11 "SILENT HILL 2"
12 "Witchfire"
13 "Minecraft Dungeons"
14 "UNCHARTED™: Legacy of Thieves Collection"
15 "Cultivation Tales"
16 "Citizen Sleeper"
17 "Dorfromantik"
18 "古龙风云录"
19 "Melvor Idle"
20 "Mon Bazou"
21 "Darkest Dungeon® II"
22 "Tiny Glade"
23 "Sonic Frontiers"
24 "Tiny Bunny"
25 "Ghostrunner 2"
26 "Buckshot Roulette"
27 "Company of Heroes 3"
28 "AI LIMIT"
29 "PlateUp!"
30 "NARAKA: BLADEPOINT"
31 "Madden NFL 24"
32 "Grounded 2"
33 "Luck be a Landlord"
34 "Fear Surrounds"
35 "Lost Judgment"
36 "The Quinfall"
37 "FreshWomen - Season 1"
38 "Mad Games Tycoon 2"
39 "Rusty's Retirement"
40 "Football Manager 26"
41 "Vampire Survivors"
42 "VillageRhapsody"
43 "HITMAN World of Assassination"
44 "Legend of Mortal"
45 "Spaceflight Simulator"
46 "Settlement Survival"
47 "鬼谷八荒 Tale of Immortal"
48 "Deep Rock Galactic: Survivor"
49 "Liar's Bar"
50 "Age of History 3"
51 "PANICORE"
52 "Living With Sister: Monochrome Fantasy"
53 "Dispatch"
54 "MELTY BLOOD: TYPE LUMINA"
55 "Riders Republic"
56 "Watch Dogs®: Legion"
57 "Anno 117: Pax Romana"
58 "Sanfu"
59 "Avowed"
60 "Another Crab's Treasure"
61 "Wobbledogs"
62 "SONIC X SHADOW GENERATIONS"
63 "Need for Speed™ Unbound"
64 "Tom Clancy's Ghost Recon® Breakpoint"
65 "DAVE THE DIVER"
66 "Record of Lodoss War-Deedlit in Wonder Labyrinth-"
67 "MiSide"
68 "Call of Duty®"
69 "Symphony of War: The Nephilim Saga"
1633
0 1 2
0 3 2
0 4 2
0 5 1
0 6 2
0 7 2
0 8 2
0 9 2
0 11 2
0 12 1
0 13 2
0 14 1
0 15 3
0 16 2
0 17 1
0 18 1
0 19 2
0 20 2
0 21 1
0 22 1
0 23 2
0 24 2
0 25 2
0 26 2
0 27 1
0 28 3
0 29 2
0 30 2
0 32 2
0 33 1
0 34 1
0 35 2
0 37 2
0 38 1
0 39 1
0 41 2
0 42 1
0 43 2
0 44 2
0 45 1
0 47 3
0 48 1
0 49 1
0 51 3
0 52 1
0 53 3
0 54 1
0 56 2
0 58 2
0 60 3
0 61 1
0 62 1
0 63 1
0 64 2
0 65 1
0 66 2
0 67 2
0 68 1
0 69 2
1 3 1
1 4 1
1 5 2
1 6 2
1 7 1
1 8 1
1 9 1
1 11 1
1 13 1
1 14 1
1 15 2
1 16 2
1 17 2
1 18 1
1 19 3
1 20 3
1 21 1
1 22 2
1 23 1
1 24 2
1 25 1
1 26 1
1 28 2
1 29 2
1 30 1
1 32 1
1 33 1
1 34 2
1 35 1
1 37 2
1 38 2
1 39 2
1 41 2
1 42 2
1 43 1
1 44 2
1 45 1
1 47 2
1 49 2
1 51 2
1 52 1
1 53 3
1 56 1
1 58 2
1 60 2
1 61 2
1 64 1
1 65 2
1 66 1
1 67 2
1 69 2
2 6 1
2 10 1
2 15 1
2 17 1
2 18 1
2 21 1
2 25 1
2 27 1
2 29 1
2 31 1
2 33 1
2 38 1
2 39 1
2 40 1
2 44 1
2 46 1
2 49 1
2 50 1
2 53 1
2 57 1
2 69 1
3 4 2
3 6 1
3 7 2
3 8 2
3 9 1
3 11 2
3 12 1
3 13 2
3 14 1
3 15 2
3 16 1
3 18 1
3 19 1
3 20 2
3 23 2
3 24 1
3 25 2
3 26 1
3 27 1
3 28 2
3 29 1
3 30 2
3 32 2
3 35 2
3 37 1
3 41 1
3 43 2
3 44 1
3 47 2
3 48 1
3 51 2
3 53 2
3 54 1
3 56 2
3 58 1
3 60 2
3 62 1
3 63 2
3 64 2
3 65 1
3 66 1
3 67 1
3 68 1
3 69 1
4 6 1
4 7 2
4 8 2
4 9 1
4 11 2
4 12 1
4 13 2
4 14 1
4 15 2
4 16 1
4 18 1
4 19 1
4 20 1
4 23 2
4 24 1
4 25 2
4 26 1
4 27 1
4 28 2
4 29 1
4 30 2
4 32 2
4 35 2
4 37 1
4 41 1
4 43 2
4 44 1
4 47 2
4 48 1
4 51 2
4 53 2
4 54 1
4 56 2
4 58 1
4 60 2
4 62 1
4 63 1
4 64 2
4 65 1
4 66 1
4 67 1
4 68 1
4 69 1
5 6 2
5 8 1
5 9 2
5 10 2
5 13 1
5 15 2
5 16 2
5 17 3
5 18 1
5 19 3
5 20 3
5 21 2
5 22 3
5 24 1
5 26 2
5 28 2
5 29 2
5 31 1
5 33 2
5 34 3
5 37 1
5 38 3
5 39 3
5 40 1
5 41 3
5 42 4
5 44 2
5 45 2
5 46 1
5 47 3
5 49 3
5 50 1
5 51 1
5 52 1
5 53 2
5 57 1
5 58 2
5 59 1
5 60 1
5 61 3
5 65 3
5 66 1
5 67 3
5 69 2
6 7 1
6 8 2
6 9 2
6 10 2
6 11 1
6 13 2
6 14 1
6 15 4
6 16 3
6 17 2
6 18 3
6 19 3
6 20 2
6 21 3
6 22 1
6 23 1
6 24 2
6 25 2
6 26 1
6 27 1
6 28 3
6 29 2
6 30 1
6 31 1
6 32 1
6 33 2
6 34 2
6 35 1
6 37 2
6 38 2
6 39 2
6 40 1
6 41 2
6 42 2
6 43 1
6 44 4
6 45 1
6 46 1
6 47 3
6 49 2
6 50 1
6 51 2
6 52 1
6 53 3
6 56 1
6 57 1
6 58 3
6 59 1
6 60 2
6 61 1
6 64 1
6 65 2
6 66 1
6 67 3
6 69 4
7 8 2
7 9 1
7 11 2
7 12 1
7 13 2
7 14 1
7 15 2
7 16 1
7 18 1
7 19 1
7 20 1
7 23 2
7 24 1
7 25 2
7 26 1
7 27 1
7 28 2
7 29 1
7 30 2
7 32 2
7 35 2
7 37 1
7 41 1
7 43 2
7 44 1
7 47 2
7 48 1
7 51 2
7 53 2
7 54 1
7 56 2
7 58 1
7 60 2
7 62 1
7 63 1
7 64 2
7 65 1
7 66 1
7 67 1
7 68 1
7 69 1
8 9 2
8 10 1
8 11 2
8 12 1
8 13 3
8 14 1
8 15 3
8 16 2
8 18 2
8 19 2
8 20 1
8 21 1
8 23 2
8 24 1
8 25 2
8 26 1
8 27 1
8 28 3
8 29 1
8 30 2
8 32 2
8 34 1
8 35 2
8 37 1
8 41 2
8 42 1
8 43 2
8 44 2
8 47 3
8 48 1
8 51 2
8 53 2
8 54 1
8 56 2
8 58 2
8 59 1
8 60 2
8 62 1
8 63 1
8 64 2
8 65 2
8 66 1
8 67 2
8 68 1
8 69 2
9 10 1
9 11 1
9 12 1
9 13 2
9 15 3
9 16 2
9 17 1
9 18 1
9 19 2
9 20 1
9 21 2
9 22 1
9 23 1
9 24 1
9 25 1
9 26 2
9 27 1
9 28 3
9 29 2
9 30 1
9 32 1
9 33 1
9 34 2
9 35 1
9 37 1
9 38 1
9 39 1
9 41 3
9 42 2
9 43 1
9 44 2
9 45 1
9 47 3
9 48 1
9 49 1
9 51 2
9 52 1
9 53 2
9 54 1
9 56 1
9 58 2
9 59 1
9 60 2
9 61 1
9 62 1
9 63 1
9 64 1
9 65 1
9 66 2
9 67 2
9 68 1
9 69 2
10 12 1
10 13 1
10 15 2
10 16 1
10 17 2
10 18 2
10 19 1
10 20 2
10 21 2
10 22 1
10 25 1
10 26 1
10 27 1
10 28 1
10 29 1
10 31 2
10 32 1
10 33 2
10 34 1
10 36 1
10 38 2
10 39 2
10 40 2
10 41 1
10 42 2
10 44 2
10 45 2
10 46 2
10 47 2
10 49 3
10 50 2
10 53 1
10 57 2
10 58 1
10 59 1
10 61 1
10 65 2
10 67 2
10 69 2
11 12 1
11 13 2
11 14 1
11 15 2
11 16 1
11 18 1
11 19 1
11 20 1
11 23 2
11 24 1
11 25 2
11 26 1
11 27 1
11 28 2
11 29 1
11 30 2
11 32 2
11 35 2
11 37 1
11 41 1
11 43 2
11 44 1
11 47 2
11 48 1
11 51 2
11 53 2
11 54 1
11 56 2
11 58 1
11 60 2
11 62 1
11 63 1
11 64 2
11 65 1
11 66 1
11 67 1
11 68 1
11 69 1
12 13 1
12 15 1
12 20 1
12 23 1
12 25 1
12 26 1
12 27 1
12 28 1
12 29 1
12 30 1
12 32 2
12 35 1
12 36 1
12 41 1
12 43 1
12 45 1
12 47 1
12 48 1
12 49 1
12 51 1
12 53 1
12 54 1
12 56 1
12 60 1
12 62 1
12 63 1
12 64 1
12 66 1
12 68 1
13 14 1
13 15 3
13 16 2
13 18 2
13 19 2
13 20 1
13 21 1
13 23 2
13 24 1
13 25 2
13 26 1
13 27 1
13 28 3
13 29 1
13 30 2
13 32 2
13 34 1
13 35 2
13 37 1
13 41 2
13 42 1
13 43 2
13 44 2
13 47 3
13 48 1
13 51 2
13 53 2
13 54 1
13 56 2
13 58 2
13 59 1
13 60 2
13 62 1
13 63 1
13 64 2
13 65 2
13 66 1
13 67 2
13 68 1
13 69 2
14 15 1
14 16 1
14 18 1
14 19 1
14 20 1
14 23 1
14 24 1
14 25 1
14 28 1
14 30 1
14 32 1
14 35 1
14 37 1
14 43 1
14 44 1
14 47 1
14 51 1
14 53 1
14 56 1
14 58 1
14 60 1
14 64 1
14 65 1
14 67 1
14 69 1
15 16 3
15 17 2
15 18 3
15 19 3
15 20 2
15 21 3
15 22 1
15 23 2
15 24 2
15 25 3
15 26 2
15 27 2
15 28 4
15 29 3
15 30 2
15 31 1
15 32 2
15 33 2
15 34 2
15 35 2
15 37 2
15 38 2
15 39 2
15 40 1
15 41 3
15 42 2
15 43 2
15 44 4
15 45 1
15 46 1
15 47 4
15 48 1
15 49 2
15 50 1
15 51 3
15 52 1
15 53 4
15 54 1
15 56 2
15 57 1
15 58 3
15 59 1
15 60 3
15 61 1
15 62 1
15 63 1
15 64 2
15 65 2
15 66 2
15 67 3
15 68 1
15 69 4
16 17 1
16 18 2
16 19 3
16 20 2
16 21 2
16 22 1
16 23 1
16 24 2
16 25 1
16 26 1
16 28 3
16 29 1
16 30 1
16 32 1
16 33 1
16 34 2
16 35 1
16 37 2
16 38 1
16 39 1
16 41 2
16 42 2
16 43 1
16 44 3
16 45 1
16 47 3
16 49 1
16 51 2
16 52 1
16 53 2
16 56 1
16 58 3
16 59 1
16 60 2
16 61 1
16 64 1
16 65 2
16 66 1
16 67 3
16 69 3
17 18 1
17 19 2
17 20 3
17 21 2
17 22 3
17 24 1
17 25 1
17 26 2
17 27 1
17 28 1
17 29 3
17 31 2
17 33 3
17 34 2
17 37 1
17 38 4
17 39 4
17 40 2
17 41 2
17 42 3
17 44 2
17 45 2
17 46 2
17 47 2
17 49 4
17 50 2
17 51 1
17 52 1
17 53 3
17 57 2
17 58 1
17 60 1
17 61 3
17 65 2
17 66 1
17 67 2
17 69 2
18 19 2
18 20 1
18 21 2
18 23 1
18 24 1
18 25 2
18 27 1
18 28 2
18 29 1
18 30 1
18 31 1
18 32 1
18 33 1
18 34 1
18 35 1
18 37 1
18 38 1
18 39 1
18 40 1
18 41 1
18 42 1
18 43 1
18 44 3
18 46 1
18 47 2
18 49 1
18 50 1
18 51 1
18 53 2
18 56 1
18 57 1
18 58 2
18 59 1
18 60 1
18 64 1
18 65 2
18 67 2
18 69 3
19 20 3
19 21 2
19 22 2
19 23 1
19 24 2
19 25 1
19 26 1
19 28 3
19 29 2
19 30 1
19 32 1
19 33 1
19 34 3
19 35 1
19 37 2
19 38 2
19 39 2
19 41 3
19 42 3
19 43 1
19 44 3
19 45 1
19 47 3
19 49 2
19 51 2
19 52 1
19 53 3
19 56 1
19 58 3
19 59 1
19 60 2
19 61 2
19 64 1
19 65 3
19 66 1
19 67 3
19 69 3
20 21 1
20 22 3
20 23 1
20 24 2
20 25 1
20 26 2
20 28 2
20 29 2
20 30 1
20 31 1
20 32 2
20 33 2
20 34 2
20 35 1
20 36 1
20 37 2
20 38 3
20 39 3
20 40 1
20 41 2
20 42 3
20 43 1
20 44 2
20 45 3
20 46 1
20 47 3
20 49 4
20 50 1
20 51 2
20 52 1
20 53 3
20 56 1
20 57 1
20 58 2
20 60 2
20 61 3
20 63 1
20 64 1
20 65 3
20 66 1
20 67 3
20 69 2
21 22 1
21 24 1
21 25 1
21 26 1
21 27 1
21 28 2
21 29 2
21 31 1
21 33 2
21 34 2
21 37 1
21 38 2
21 39 2
21 40 1
21 41 2
21 42 2
21 44 3
21 45 1
21 46 1
21 47 2
21 49 2
21 50 1
21 51 1
21 52 1
21 53 2
21 57 1
21 58 2
21 59 1
21 60 1
21 61 1
21 65 1
21 66 1
21 67 2
21 69 3
22 24 1
22 26 2
22 28 1
22 29 2
22 31 1
22 33 2
22 34 2
22 37 1
22 38 3
22 39 3
22 40 1
22 41 2
22 42 3
22 44 1
22 45 2
22 46 1
22 47 2
22 49 3
22 50 1
22 51 1
22 52 1
22 53 2
22 57 1
22 58 1
22 60 1
22 61 3
22 65 2
22 66 1
22 67 2
22 69 1
23 24 1
23 25 2
23 26 1
23 27 1
23 28 2
23 29 1
23 30 2
23 32 2
23 35 2
23 37 1
23 41 1
23 43 2
23 44 1
23 47 2
23 48 1
23 51 2
23 53 2
23 54 1
23 56 2
23 58 1
23 60 2
23 62 1
23 63 1
23 64 2
23 65 1
23 66 1
23 67 1
23 68 1
23 69 1
24 25 1
24 26 1
24 28 2
24 29 1
24 30 1
24 32 1
24 33 1
24 34 1
24 35 1
24 37 2
24 38 1
24 39 1
24 41 1
24 42 1
24 43 1
24 44 2
24 45 1
24 47 2
24 49 1
24 51 2
24 52 1
24 53 2
24 56 1
24 58 2
24 60 2
24 61 1
24 64 1
24 65 1
24 66 1
24 67 2
24 69 2
25 26 1
25 27 2
25 28 2
25 29 2
25 30 2
25 31 1
25 32 2
25 33 1
25 35 2
25 37 1
25 38 1
25 39 1
25 40 1
25 41 1
25 43 2
25 44 2
25 46 1
25 47 2
25 48 1
25 49 1
25 50 1
25 51 2
25 53 3
25 54 1
25 56 2
25 57 1
25 58 1
25 60 2
25 62 1
25 63 1
25 64 2
25 65 1
25 66 1
25 67 1
25 68 1
25 69 2
26 27 1
26 28 2
26 29 2
26 30 1
26 31 1
26 32 1
26 33 2
26 34 1
26 35 1
26 37 1
26 38 2
26 39 2
26 40 1
26 41 2
26 42 2
26 43 1
26 44 1
26 45 2
26 46 1
26 47 3
26 48 1
26 49 2
26 50 1
26 51 2
26 52 1
26 53 2
26 54 1
26 56 1
26 57 1
26 58 1
26 60 2
26 61 2
26 62 1
26 63 1
26 64 1
26 65 1
26 66 2
26 67 2
26 68 1
26 69 1
27 28 1
27 29 2
27 30 1
27 31 1
27 32 1
27 33 1
27 35 1
27 38 1
27 39 1
27 40 1
27 41 1
27 43 1
27 44 1
27 46 1
27 47 1
27 48 1
27 49 1
27 50 1
27 51 1
27 53 2
27 54 1
27 56 1
27 57 1
27 60 1
27 62 1
27 63 1
27 64 1
27 66 1
27 68 1
27 69 1
28 29 2
28 30 2
28 32 2
28 33 1
28 34 2
28 35 2
28 37 2
28 38 1
28 39 1
28 41 3
28 42 2
28 43 2
28 44 3
28 45 1
28 47 4
28 48 1
28 49 1
28 51 3
28 52 1
28 53 3
28 54 1
28 56 2
28 58 3
28 59 1
28 60 3
28 61 1
28 62 1
28 63 1
28 64 2
28 65 2
28 66 2
28 67 3
28 68 1
28 69 3
29 30 1
29 31 1
29 32 1
29 33 2
29 34 2
29 35 1
29 37 1
29 38 3
29 39 3
29 40 1
29 41 3
29 42 2
29 43 1
29 44 2
29 45 1
29 46 1
29 47 2
29 48 1
29 49 3
29 50 1
29 51 2
29 52 1
29 53 4
29 54 1
29 56 1
29 57 1
29 58 1
29 60 2
29 61 2
29 62 1
29 63 1
29 64 1
29 65 1
29 66 2
29 67 1
29 68 1
29 69 2
30 32 2
30 34 1
30 35 2
30 36 1
30 37 1
30 41 1
30 43 2
30 44 1
30 47 2
30 48 1
30 51 2
30 53 2
30 54 1
30 55 1
30 56 2
30 58 1
30 60 2
30 62 1
30 63 1
30 64 2
30 65 1
30 66 1
30 67 1
30 68 1
30 69 1
31 33 2
31 38 2
31 39 2
31 40 3
31 42 1
31 44 1
31 45 1
31 46 2
31 47 1
31 49 2
31 50 2
31 53 1
31 55 1
31 57 2
31 61 1
31 65 1
31 67 1
31 69 1
32 35 2
32 36 1
32 37 1
32 41 1
32 43 2
32 44 1
32 45 1
32 47 2
32 48 1
32 49 1
32 51 2
32 53 2
32 54 1
32 56 2
32 58 1
32 60 2
32 62 1
32 63 1
32 64 2
32 65 1
32 66 1
32 67 1
32 68 1
32 69 1
33 34 1
33 37 1
33 38 3
33 39 3
33 40 2
33 41 1
33 42 2
33 44 2
33 45 2
33 46 2
33 47 2
33 49 3
33 50 2
33 51 1
33 52 1
33 53 2
33 57 2
33 58 1
33 60 1
33 61 2
33 65 1
33 66 1
33 67 2
33 69 2
34 37 1
34 38 2
34 39 2
34 41 3
34 42 3
34 44 2
34 45 1
34 47 2
34 49 2
34 51 1
34 52 1
34 53 2
34 58 2
34 59 1
34 60 1
34 61 2
34 65 2
34 66 1
34 67 2
34 69 2
35 37 1
35 41 1
35 43 2
35 44 1
35 47 2
35 48 1
35 51 2
35 53 2
35 54 1
35 56 2
35 58 1
35 60 2
35 62 1
35 63 1
35 64 2
35 65 1
35 66 1
35 67 1
35 68 1
35 69 1
36 45 1
36 49 1
36 55 1
37 38 1
37 39 1
37 41 1
37 42 1
37 43 1
37 44 2
37 45 1
37 47 2
37 49 1
37 51 2
37 52 1
37 53 2
37 56 1
37 58 2
37 60 2
37 61 1
37 64 1
37 65 1
37 66 1
37 67 2
37 69 2
38 39 4
38 40 2
38 41 2
38 42 3
38 44 2
38 45 2
38 46 2
38 47 2
38 49 4
38 50 2
38 51 1
38 52 1
38 53 3
38 57 2
38 58 1
38 60 1
38 61 3
38 65 2
38 66 1
38 67 2
38 69 2
39 40 2
39 41 2
39 42 3
39 44 2
39 45 2
39 46 2
39 47 2
39 49 4
39 50 2
39 51 1
39 52 1
39 53 3
39 57 2
39 58 1
39 60 1
39 61 3
39 65 2
39 66 1
39 67 2
39 69 2
40 42 1
40 44 1
40 45 1
40 46 2
40 47 1
40 49 2
40 50 2
40 53 1
40 55 1
40 57 2
40 61 1
40 65 1
40 67 1
40 69 1
41 42 3
41 43 1
41 44 2
41 45 1
41 47 3
41 48 1
41 49 2
41 51 2
41 52 1
41 53 3
41 54 1
41 56 1
41 58 2
41 59 1
41 60 2
41 61 2
41 62 1
41 63 1
41 64 1
41 65 2
41 66 2
41 67 2
41 68 1
41 69 2
42 44 2
42 45 2
42 46 1
42 47 3
42 49 3
42 50 1
42 51 1
42 52 1
42 53 2
42 57 1
42 58 2
42 59 1
42 60 1
42 61 3
42 65 3
42 66 1
42 67 3
42 69 2
43 44 1
43 47 2
43 48 1
43 51 2
43 53 2
43 54 1
43 56 2
43 58 1
43 60 2
43 62 1
43 63 1
43 64 2
43 65 1
43 66 1
43 67 1
43 68 1
43 69 1
44 45 1
44 46 1
44 47 3
44 49 2
44 50 1
44 51 2
44 52 1
44 53 3
44 56 1
44 57 1
44 58 3
44 59 1
44 60 2
44 61 1
44 64 1
44 65 2
44 66 1
44 67 3
44 69 4
45 46 1
45 47 2
45 49 3
45 50 1
45 51 1
45 52 1
45 53 1
45 57 1
45 58 1
45 60 1
45 61 2
45 65 1
45 66 1
45 67 2
45 69 1
46 47 1
46 49 2
46 50 2
46 53 1
46 57 2
46 61 1
46 65 1
46 67 1
46 69 1
47 48 1
47 49 2
47 50 1
47 51 3
47 52 1
47 53 3
47 54 1
47 56 2
47 57 1
47 58 3
47 59 1
47 60 3
47 61 2
47 62 1
47 63 1
47 64 2
47 65 3
47 66 2
47 67 4
47 68 1
47 69 3
48 51 1
48 53 1
48 54 1
48 56 1
48 60 1
48 62 1
48 63 1
48 64 1
48 66 1
48 68 1
49 50 2
49 51 1
49 52 1
49 53 3
49 57 2
49 58 1
49 60 1
49 61 3
49 65 2
49 66 1
49 67 2
49 69 2
50 53 1
50 57 2
50 61 1
50 65 1
50 67 1
50 69 1
51 52 1
51 53 3
51 54 1
51 56 2
51 58 2
51 60 3
51 61 1
51 62 1
51 63 1
51 64 2
51 65 1
51 66 2
51 67 2
51 68 1
51 69 2
52 53 1
52 58 1
52 60 1
52 61 1
52 66 1
52 67 1
52 69 1
53 54 1
53 56 2
53 57 1
53 58 2
53 60 3
53 61 2
53 62 1
53 63 1
53 64 2
53 65 2
53 66 2
53 67 2
53 68 1
53 69 3
54 56 1
54 60 1
54 62 1
54 63 1
54 64 1
54 66 1
54 68 1
56 58 1
56 60 2
56 62 1
56 63 1
56 64 2
56 65 1
56 66 1
56 67 1
56 68 1
56 69 1
57 61 1
57 65 1
57 67 1
57 69 1
58 59 1
58 60 2
58 61 1
58 64 1
58 65 2
58 66 1
58 67 3
58 69 3
59 65 1
59 67 1
59 69 1
60 61 1
60 62 1
60 63 1
60 64 2
60 65 1
60 66 2
60 67 2
60 68 1
60 69 2
61 65 2
61 66 1
61 67 2
61 69 1
62 63 1
62 64 1
62 66 1
62 68 1
63 64 1
63 66 1
63 68 1
64 65 1
64 66 1
64 67 1
64 68 1
64 69 1
65 67 3
65 69 2
66 67 1
66 68 1
66 69 1
67 69 3
